Sorted heuristic
Running time: 0.019252s
Bicluster 1

Number of rows: 452
Rows:
406 82 261 83 618 35 37 42 192 167 91 46 131 190 95 133 111 176 72 74 36 134 71 178 179 135 62 33 44 136 545 15 38 172 189 177 129 45 23 78 174 175 173 614 63 616 84 100 169 53 168 183 119 47 187 128 26 16 14 185 39 188 59 56 75 79 207 615 137 65 69 171 612 184 43 60 40 182 127 180 48 88 130 96 118 34 142 17 132 138 166 18 68 191 41 57 51 24 195 77 89 54 55 66 186 181 141 554 139 29 619 85 140 620 87 546 101 262 27 193 112 610 86 508 617 530 269 285 532 500 504 260 509 267 199 402 408 523 637 9 407 553 551 404 492 513 397 488 491 516 772 563 432 483 99 403 534 283 542 635 204 535 50 400 502 61 537 774 106 362 510 396 561 609 627 28 13 268 433 595 293 201 427 527 209 323 405 503 514 521 525 556 152 517 499 533 117 333 25 143 395 538 539 543 10 0 555 522 94 501 511 489 165 485 518 105 98 669 541 197 426 552 490 484 394 429 519 520 67 560 121 265 12 547 3 163 144 210 73 633 524 32 629 526 531 493 8 515 313 284 529 496 401 487 4 21 161 410 628 626 196 623 109 114 124 557 624 622 64 621 92 49 512 630 631 505 30 697 19 208 540 108 81 544 120 805 115 90 113 93 430 145 146 153 159 318 308 482 164 303 298 151 632 536 80 263 548 31 596 266 331 156 20 549 170 562 507 7 332 70 148 583 611 2 110 428 58 625 102 799 506 314 306 568 434 497 782 194 755 324 718 304 150 310 792 736 593 366 206 123 368 389 558 797 565 570 294 300 125 162 311 779 320 607 498 790 325 5 759 52 116 295 103 291 292 76 6 296 307 202 312 315 384 319 363 154 357 354 328 330 329 398 671 1 698 787 670 606 608 613 481 780 528 592 290 297 157 299 301 305 494 316 317 326 327 335 337 364 309 158 160 149 147 634 591 587 584 564 578 668 107 696 97 367 559 550 270 200 784 11 399 385 411 388 794 802 391 22 431 738 788 340 
Number of columns: 106
Columns:
51 53 23 17 25 24 20 8 7 16 12 4 15 3 21 11 50 14 18 2 19 10 6 36 46 13 0 1 38 42 5 9 49 22 41 43 48 47 32 30 40 31 37 39 27 33 34 35 26 44 45 28 29 52 101 102 103 104 100 99 84 85 86 97 87 88 89 90 91 92 93 94 95 96 98 78 77 76 75 74 73 72 71 70 69 68 67 66 65 105 63 62 61 60 59 58 57 56 55 54 79 80 81 82 83 64 
Variance: 141.135
Quality index: 0.0763604

--------------------------

Bicluster 2

Number of rows: 105
Rows:
781 567 760 254 796 486 639 495 597 392 302 775 773 588 104 409 336 804 334 687 198 321 322 590 344 155 355 412 365 580 807 369 370 728 581 577 778 795 126 122 566 688 693 387 386 472 586 723 341 594 798 589 342 700 585 681 803 789 579 753 393 286 777 638 264 359 598 727 737 758 205 390 356 776 478 743 371 372 791 282 475 476 695 605 569 694 413 785 203 701 602 419 603 446 719 360 783 445 726 739 793 808 280 734 756 
Number of columns: 106
Columns:
30 41 22 49 9 5 1 28 36 6 10 19 2 14 50 53 23 25 24 20 8 16 4 15 3 21 51 27 39 44 31 40 32 33 47 48 43 17 42 38 13 7 12 18 11 26 35 45 34 37 0 46 29 62 105 65 66 67 68 69 70 71 72 73 75 63 61 60 59 58 57 56 55 54 79 80 81 82 74 64 52 101 102 103 104 100 99 84 85 86 97 83 88 89 90 91 92 93 94 95 96 98 78 77 76 87 
Variance: 2.66501
Quality index: 3.4962

--------------------------

Bicluster 3

Number of rows: 105
Rows:
770 338 692 717 343 682 699 473 800 599 733 702 582 213 684 740 442 287 281 271 477 729 256 435 746 479 724 742 443 239 741 474 244 246 722 683 745 685 415 449 339 658 806 659 600 660 444 771 447 373 375 453 786 358 757 665 575 574 801 572 648 744 452 211 810 636 439 257 243 245 348 674 347 346 345 424 436 640 467 212 220 440 667 661 725 748 749 680 750 450 222 273 461 251 768 655 653 730 767 650 732 677 691 690 689 
Number of columns: 106
Columns:
40 31 44 27 51 48 17 4 42 24 25 53 50 30 46 49 35 7 36 6 28 13 38 26 32 45 47 34 11 33 37 18 12 29 41 22 9 5 10 14 23 39 21 3 15 16 20 1 19 43 2 0 8 100 86 85 84 99 104 103 102 101 74 83 97 88 89 90 91 92 93 94 95 96 98 78 77 64 87 62 105 65 66 67 68 69 70 71 72 73 75 76 61 60 59 58 57 56 55 54 79 80 81 82 63 52 
Variance: 0.395576
Quality index: 23.554

--------------------------

Bicluster 4

Number of rows: 105
Rows:
573 382 276 215 247 457 456 455 454 349 275 643 601 421 451 414 646 416 469 764 647 223 711 706 666 762 763 686 761 480 458 769 809 230 720 747 241 240 238 237 236 376 233 272 221 713 448 361 374 226 225 571 289 288 219 377 378 218 274 217 216 235 751 423 464 466 465 752 754 417 229 352 462 351 350 766 765 459 460 381 232 420 649 656 644 645 654 604 651 576 470 471 463 735 278 277 731 642 673 672 214 418 422 279 657 
Number of columns: 106
Columns:
45 47 34 11 33 37 18 29 41 22 32 10 14 23 39 21 15 20 1 19 43 0 9 48 27 17 4 42 24 25 44 53 50 51 46 31 49 35 7 36 6 13 38 40 30 73 67 68 69 70 71 66 65 105 62 87 64 98 77 72 75 76 61 60 59 58 57 56 55 54 79 80 81 82 78 28 26 12 5 3 16 2 8 100 86 85 84 99 104 103 102 101 74 83 97 88 89 90 91 92 93 94 95 63 96 52 
Variance: 0.153773
Quality index: 60.592

--------------------------

Done Sorted heuristic
Found 4 biclusters.
