No. of biclusters:      1
Mean    Var.    Median  Min.    Max.
Residue:        0,444087        0       0       0,444087        0,444087
Volume:         825     0       0       825     825
Overlap:        -1,#IND 0       0       1,79769e+308    -1,79769e+308
Coverage:       0,356525
Process time: 12.352

Brows{1} = [1 3 8 11 12 13 16 17 18 20 21 22 23 24 25 27 28 29 30 32 33 34 35 36 37 38 39 41 42 43 44 45 46 47 48 49 52 54 55 56 57 58 59 61 62 63 64 65 66 67 68 69 70 76 77 78 79 81 82 85 86 91 94 95 96 98 99 100 101 102 107 109 119 131 135 ];
Bcols{1} = [1 2 3 4 6 7 8 9 10 11 12 ];
Bsign{1} = [1 1 1 1 1 1 1 1 1 1 1 1 1 1 1 1 1 1 1 1 1 1 1 1 1 1 1 1 1 1 1 1 1 1 1 1 1 1 1 1 1 1 1 1 1 1 1 1 1 1 1 1 1 1 1 1 1 1 1 1 1 1 1 1 1 1 1 1 1 1 1 1 1 1 1 ];

Bicluster 0:
Number of rows: 75
Number of columns: 11
Variance: 323.9739153262865
Quality index: 0.020728160721122754