Sorted heuristic
Running time: 0.020352s
Bicluster 1

Number of rows: 105
Rows:
292 291 290 286 285 284 283 282 270 472 268 267 266 265 264 263 262 261 260 254 269 313 312 311 310 309 308 307 306 305 293 303 302 301 300 299 298 297 296 295 294 304 188 187 186 185 184 183 182 181 180 210 178 177 176 175 174 173 172 171 170 169 179 209 208 207 206 205 204 203 202 201 189 199 198 197 196 195 194 193 192 191 190 200 402 401 400 399 398 397 396 395 394 314 392 391 390 389 388 387 386 385 384 372 393 
Number of columns: 106
Columns:
28 29 30 31 32 33 34 35 36 37 38 39 0 41 42 43 44 45 46 47 48 49 50 51 52 40 1 2 3 4 5 6 7 8 9 10 11 12 27 14 15 16 17 18 19 20 21 22 23 24 25 26 13 53 81 82 83 84 85 86 87 88 89 90 91 92 94 95 96 97 98 99 100 101 102 103 104 105 93 54 55 56 57 58 59 60 61 62 63 64 65 80 67 68 69 70 71 72 73 74 75 76 77 78 79 66 
Variance: 0.226229
Quality index: 41.1857

--------------------------

Done Sorted heuristic
Found 1 biclusters.
Tabu search Metaheuristic
Running time: 1278.62s
Bicluster 1

Number of rows: 105
Rows:
169 170 171 172 173 174 175 176 177 220 179 180 181 182 183 184 185 187 188 189 190 191 192 193 194 195 196 197 198 199 200 201 202 203 204 205 206 208 209 210 211 212 213 214 215 216 217 218 219 254 263 264 265 266 268 269 270 282 283 284 285 286 290 291 292 293 294 295 296 297 298 299 300 301 302 303 304 305 306 307 308 309 310 311 312 313 314 372 384 385 386 387 388 389 390 391 392 393 394 395 398 399 401 402 472 
Number of columns: 106
Columns:
28 29 30 31 32 33 34 35 36 37 38 39 0 41 42 43 44 45 46 47 48 49 50 51 52 40 1 2 3 4 5 6 7 8 9 10 11 12 27 14 15 16 17 18 19 20 21 22 23 24 25 26 13 53 81 82 83 84 85 86 87 88 89 90 91 92 94 95 96 97 98 99 100 101 102 103 104 105 93 54 55 56 57 58 59 60 61 62 63 64 65 80 67 68 69 70 71 72 73 74 75 76 77 78 79 66 
Variance: 0.208915
Quality index: 44.5991

--------------------------

Done Tabu search Metaheuristic
Found 1 biclusters.