Teng & Chan
Running time: 41.6583s
Bicluster 1

Number of rows: 220
Rows:
610 635 189 527 96 136 46 483 525 209 192 87 40 128 184 39 178 131 208 618 408 207 54 507 542 366 267 201 88 84 171 26 106 71 137 94 24 265 620 303 512 13 187 401 180 616 152 14 522 29 402 28 38 489 86 523 515 199 518 151 557 514 688 491 541 266 114 544 536 93 433 670 520 33 17 170 181 182 500 313 738 395 191 130 79 206 611 521 68 66 188 143 607 261 108 139 42 426 484 176 595 50 166 568 516 627 120 260 16 403 298 53 492 62 323 44 406 499 75 562 524 27 37 291 196 269 57 335 19 0 790 396 614 177 333 83 537 202 140 625 509 141 190 197 77 142 12 511 185 405 102 558 59 488 35 34 2 584 612 285 330 210 332 63 167 60 56 155 583 331 404 74 630 513 578 164 117 393 283 109 61 796 619 797 609 687 504 501 368 496 186 129 628 505 534 9 508 4 65 434 668 121 547 15 90 127 548 107 617 493 7 174 410 759 329 309 262 133 503 409 
Number of columns: 57
Columns:
53 16 13 9 4 29 12 10 0 3 15 5 20 18 42 39 45 37 1 17 22 44 7 11 21 8 49 28 2 41 14 32 35 47 40 6 19 27 33 30 46 36 26 31 23 52 48 34 24 38 43 50 25 51 70 62 69 
Variance: 183.706
Quality index: 0.0513683

--------------------------

Bicluster 2

Number of rows: 46
Rows:
433 429 194 799 535 755 697 565 396 521 409 291 553 157 430 627 803 98 492 369 588 593 790 25 778 611 792 294 760 335 323 805 788 105 523 411 152 306 149 324 635 165 612 52 144 5 
Number of columns: 54
Columns:
46 26 5 39 35 53 36 16 44 13 47 43 48 37 18 3 21 32 49 40 34 2 1 42 41 9 45 22 15 20 30 27 24 31 6 0 7 28 14 8 4 50 12 52 19 23 33 25 10 17 51 11 29 38 
Variance: 36.1894
Quality index: 0.21602

--------------------------

Bicluster 3

Number of rows: 245
Rows:
130 191 134 193 177 89 178 614 60 63 77 43 66 84 183 142 26 42 85 56 180 176 179 119 16 508 39 40 79 395 15 283 136 772 173 112 45 48 139 169 490 96 24 86 18 57 14 36 23 546 120 69 132 185 534 98 148 22 516 47 144 406 509 35 27 161 174 141 164 269 13 261 619 523 128 10 138 90 172 114 407 87 137 118 548 72 31 101 105 91 362 71 51 201 208 285 106 612 70 408 522 491 396 426 633 432 510 511 182 544 547 536 168 33 561 501 774 410 525 309 549 54 268 629 332 533 637 204 318 163 20 37 494 115 539 514 94 99 32 149 108 265 330 267 19 622 113 401 192 563 530 517 308 75 80 595 609 146 513 542 397 135 188 617 170 7 29 782 552 613 540 335 521 294 618 9 389 616 545 298 321 502 405 38 556 194 155 550 167 187 482 578 341 486 175 46 202 403 359 73 557 498 688 526 121 409 1 581 166 296 100 140 260 206 270 102 78 52 538 59 184 83 207 484 210 157 802 611 639 367 181 587 82 630 433 67 293 570 116 307 402 197 68 304 776 
Number of columns: 50
Columns:
35 0 52 45 18 53 1 28 3 6 27 17 7 40 11 4 34 13 30 37 15 33 50 39 29 44 8 16 38 19 23 47 24 10 14 21 26 31 51 49 48 46 42 43 12 32 41 25 2 20 
Variance: 183.389
Quality index: 0.0513295

--------------------------

Bicluster 4

Number of rows: 227
Rows:
261 500 772 28 509 283 491 504 267 562 105 534 119 405 557 426 401 106 403 615 184 612 73 312 57 510 618 630 610 186 543 139 201 408 532 69 501 199 166 63 190 136 520 554 260 173 484 265 27 19 563 18 16 513 38 195 323 59 84 183 54 39 138 517 128 560 502 120 98 545 531 506 24 60 127 145 434 547 174 623 181 161 539 37 33 66 74 303 34 262 55 208 87 44 404 99 541 112 542 266 40 176 493 94 507 95 332 555 65 10 192 191 111 301 168 42 131 140 29 77 285 523 163 151 546 613 331 167 595 82 91 21 803 295 395 78 115 538 117 483 100 85 17 505 210 101 132 175 70 188 118 333 496 148 141 197 193 551 180 593 23 43 177 172 627 53 429 179 565 47 72 142 90 537 411 154 189 614 51 89 204 396 797 400 357 93 48 146 552 616 130 135 30 485 108 533 49 515 8 182 394 619 522 114 71 269 617 50 291 152 487 147 35 129 313 302 406 492 9 621 75 524 397 802 14 196 45 
Number of columns: 58
Columns:
53 52 9 21 14 12 3 20 13 15 16 8 10 18 45 17 22 0 19 5 7 42 4 44 11 46 6 2 1 23 39 41 47 37 48 40 32 28 38 34 43 49 35 27 36 29 33 26 30 31 24 50 25 51 70 57 62 69 
Variance: 189.462
Quality index: 0.0500649

--------------------------

Done Teng & Chan
Found 4 biclusters.
