Teng & Chan
Running time: 0.081164s
Bicluster 1

Number of rows: 177
Rows:
0 44 94 138 85 14 155 35 161 97 141 31 5 114 54 48 3 8 36 16 139 55 62 162 106 30 42 78 84 53 60 13 58 107 15 57 18 33 64 51 92 130 140 165 68 72 12 81 29 17 52 47 75 28 108 174 2 131 71 173 11 163 91 6 50 56 26 170 1 147 133 74 10 19 65 4 37 69 23 144 142 157 7 20 34 98 38 32 24 101 113 59 109 22 127 112 25 83 40 104 9 27 100 73 86 82 49 80 87 70 125 39 128 120 117 132 46 90 95 169 45 88 116 115 21 134 103 102 135 89 96 43 145 126 67 105 41 175 160 118 146 77 63 148 176 168 137 143 121 66 136 111 110 177 76 99 93 61 154 149 166 167 79 156 129 153 172 150 164 119 124 152 122 123 171 159 151 
Number of columns: 1
Columns:
0 
Variance: 0.64887
Quality index: 7.97718

--------------------------

Bicluster 2

Number of rows: 177
Rows:
132 174 18 115 32 168 57 43 28 2 145 49 31 161 85 45 1 137 3 37 58 170 157 108 113 5 139 38 135 21 10 61 35 87 79 102 65 153 86 140 23 127 22 84 30 52 48 131 42 116 100 103 105 136 119 47 34 88 163 109 60 154 142 93 99 80 91 44 15 68 160 122 128 166 98 162 24 14 46 9 155 36 56 27 17 125 75 50 63 111 133 53 169 59 70 16 120 101 26 114 173 94 74 126 97 148 124 167 19 62 29 158 55 64 51 134 177 104 54 7 81 143 40 171 149 11 90 41 147 117 6 141 129 151 107 159 123 76 112 106 164 8 138 83 152 12 82 72 0 4 156 172 165 20 39 175 92 67 118 176 150 144 71 13 110 66 77 130 25 89 33 146 121 73 78 96 69 
Number of columns: 1
Columns:
0 
Variance: 0.657463
Quality index: 7.87292

--------------------------

Bicluster 3

Number of rows: 177
Rows:
132 174 18 32 43 161 85 31 168 115 45 57 28 58 145 2 49 3 170 37 1 5 135 137 139 35 108 38 79 86 153 21 157 10 102 61 23 65 22 113 30 52 140 131 48 42 87 84 116 105 119 103 34 136 163 47 60 127 100 93 99 154 80 142 88 91 15 44 68 128 160 166 24 98 162 14 109 155 46 122 17 9 125 56 27 63 75 111 133 36 53 50 70 16 169 26 120 173 101 94 114 126 74 148 97 124 167 19 158 29 55 59 51 134 64 177 62 104 54 7 81 143 171 40 149 11 90 41 147 117 6 141 129 151 107 159 123 106 164 83 138 76 8 152 12 112 72 0 82 156 172 4 165 20 39 175 92 67 176 150 118 144 71 13 110 77 66 130 89 33 25 146 121 73 78 96 69 
Number of columns: 1
Columns:
0 
Variance: 0.657463
Quality index: 7.87292

--------------------------

Bicluster 4

Number of rows: 177
Rows:
132 174 18 32 115 168 43 57 28 2 145 49 31 161 85 45 1 137 3 58 37 170 157 108 5 113 139 38 135 21 10 61 35 79 102 87 65 153 86 140 23 22 84 127 30 52 48 131 42 116 100 103 105 136 119 47 34 88 163 109 60 154 142 93 99 80 91 44 15 68 160 128 122 166 98 24 162 14 46 9 155 56 36 27 17 125 75 50 63 111 133 53 70 169 59 16 120 101 26 114 173 94 74 126 148 97 124 167 19 62 29 158 55 64 51 134 177 104 54 7 81 143 40 171 149 11 90 41 147 117 6 141 129 151 107 159 123 76 112 106 164 8 138 83 152 12 82 72 0 4 156 172 165 20 39 175 92 67 118 176 150 144 71 13 110 66 77 130 25 89 33 146 121 73 78 96 69 
Number of columns: 1
Columns:
0 
Variance: 0.657463
Quality index: 7.87292

--------------------------

Done Teng & Chan
Found 4 biclusters.
