Cheng & Church
min: 0
max: 73

Original matrix:
Num rows = 811
Num cols = 106
-----------------------
Running time: 3.50582s
Bicluster 1

Number of rows: 735
Rows:
0 1 2 3 4 5 6 7 8 9 10 11 12 13 15 17 19 20 21 22 24 25 27 28 30 31 32 34 36 38 40 42 44 46 48 49 50 52 54 56 58 60 61 63 64 66 67 69 70 72 73 75 76 78 80 81 83 85 87 89 90 92 93 94 96 97 98 99 101 102 103 104 105 106 107 108 109 110 112 113 114 115 116 117 119 120 121 122 123 124 125 126 128 130 132 134 136 138 140 142 143 144 145 146 147 148 149 150 151 152 153 154 155 156 157 158 159 160 161 162 163 164 165 167 169 170 172 174 176 178 180 182 184 186 188 190 192 194 196 197 198 199 200 201 202 203 204 205 206 208 209 210 211 212 213 214 215 216 217 218 219 220 221 222 223 224 225 226 227 228 229 230 231 232 233 234 235 236 237 238 239 240 241 242 243 244 245 246 247 248 249 250 251 252 253 254 255 256 257 258 259 261 263 264 265 266 267 268 270 271 272 273 274 275 276 277 278 279 280 281 282 283 284 286 287 288 289 290 291 292 293 294 295 296 297 298 299 300 301 302 303 304 305 306 307 308 309 310 311 312 313 314 315 316 317 318 319 320 321 322 323 324 325 326 327 328 329 330 331 332 333 334 335 336 337 338 339 340 341 342 343 344 345 346 347 348 349 350 351 352 353 354 355 356 357 358 359 360 361 362 363 364 365 366 367 368 369 370 371 372 373 374 375 376 377 378 379 380 381 382 383 384 385 386 387 388 389 390 391 392 393 394 395 396 397 398 399 400 401 403 404 405 407 408 409 410 411 412 413 414 415 416 417 418 419 420 421 422 423 424 425 426 427 428 429 430 431 432 433 434 435 436 437 438 439 440 441 442 443 444 445 446 447 448 449 450 451 452 453 454 455 456 457 458 459 460 461 462 463 464 465 466 467 468 469 470 471 472 473 474 475 476 477 478 479 480 481 482 483 484 485 486 487 488 489 490 491 492 493 494 495 496 497 498 499 500 501 502 503 504 505 506 507 509 510 511 512 513 514 515 516 517 518 519 520 521 522 523 524 525 526 527 528 529 531 533 534 535 536 537 538 539 540 541 542 543 544 546 547 548 549 550 551 552 553 555 556 557 558 559 560 561 562 563 564 565 566 567 568 569 570 571 572 573 574 575 576 577 578 579 580 581 582 583 584 585 586 587 588 589 590 591 592 593 594 595 596 597 598 599 600 601 602 603 604 605 606 607 608 609 611 613 615 617 619 621 622 623 624 625 626 627 628 629 630 631 632 633 634 635 636 637 638 639 640 641 642 643 644 645 646 647 648 649 650 651 652 653 654 655 656 657 658 659 660 661 662 663 664 665 666 667 668 669 670 671 672 673 674 675 676 677 678 679 680 681 682 683 684 685 686 687 688 689 690 691 692 693 694 695 696 697 698 699 700 701 702 703 704 705 706 707 708 709 710 711 712 713 714 715 716 717 718 719 720 721 722 723 724 725 726 727 728 729 730 731 732 733 734 735 736 737 738 739 740 741 742 743 744 745 746 747 748 749 750 751 752 753 754 755 756 757 758 759 760 761 762 763 764 765 766 767 768 769 770 771 772 773 774 775 776 777 778 779 780 781 782 783 784 785 786 787 788 789 790 791 792 793 794 795 796 797 798 799 800 801 802 803 804 805 806 807 808 809 810 
Number of columns: 92
Columns:
1 3 5 7 9 11 13 15 17 19 21 23 25 26 27 28 29 30 31 32 33 34 35 36 37 38 39 40 41 42 43 44 45 46 47 48 49 50 51 52 54 55 56 57 58 59 60 61 62 63 64 65 66 67 68 69 70 71 72 73 74 75 76 77 78 79 80 81 82 83 84 85 86 87 88 89 90 91 92 93 94 95 96 97 98 99 100 101 102 103 104 105 
Variance: 1939.22
Quality index: 0.00573513

--------------------------

Bicluster 2

Number of rows: 668
Rows:
0 1 2 3 4 5 6 7 8 10 11 12 13 17 19 20 21 22 25 28 30 31 32 36 40 44 48 49 52 56 58 61 64 67 70 73 76 80 81 85 89 90 92 93 94 97 98 99 102 103 104 105 107 108 109 110 113 114 115 116 117 120 121 122 123 124 125 126 130 134 138 142 143 144 145 146 147 148 149 150 151 152 153 154 155 156 157 158 159 160 161 162 163 164 165 169 170 174 178 182 186 190 194 196 197 198 200 202 203 204 205 206 208 209 210 211 212 213 214 215 216 217 218 219 220 221 222 223 224 225 226 227 228 229 230 231 232 233 234 235 236 237 238 239 240 241 242 243 244 245 246 247 248 249 250 251 252 253 254 255 256 257 258 259 263 264 265 266 268 270 271 272 273 274 275 276 277 278 279 280 281 282 284 286 287 288 289 290 291 292 293 294 295 296 297 298 299 300 301 302 303 304 305 306 307 308 309 310 311 312 313 314 315 316 317 318 319 320 321 322 323 324 325 326 327 328 329 330 331 332 333 334 335 336 337 338 339 340 341 342 343 344 345 346 347 348 349 350 351 352 353 354 355 356 357 358 359 360 361 362 363 364 365 366 367 368 369 370 371 372 373 374 375 376 377 378 379 380 381 382 383 384 385 386 387 388 389 390 391 392 393 394 395 396 398 399 401 403 405 408 409 410 411 412 413 414 415 416 417 418 419 420 421 422 423 424 425 426 427 428 429 430 431 433 434 435 436 437 438 439 440 441 442 443 444 445 446 447 448 449 450 451 452 453 454 455 456 457 458 459 460 461 462 463 464 465 466 467 468 469 470 471 472 473 474 475 476 477 478 479 480 481 482 484 485 486 487 489 490 491 493 494 495 496 497 498 499 501 503 505 506 507 510 511 512 514 515 517 518 519 520 521 522 524 525 526 528 529 531 533 535 536 538 539 540 541 543 544 547 548 549 550 552 555 556 557 558 559 560 561 562 564 565 566 567 568 569 570 571 572 573 574 575 576 577 578 579 580 581 582 583 584 585 586 587 588 589 590 591 592 593 594 595 596 597 598 599 600 601 602 603 604 605 606 607 608 609 611 613 617 621 622 623 624 625 626 627 628 629 630 631 632 633 634 635 636 638 639 640 641 642 643 644 645 646 647 648 649 650 651 652 653 654 655 656 657 658 659 660 661 662 663 664 665 666 667 668 669 670 671 672 673 674 675 676 677 678 679 680 681 682 683 684 685 686 687 688 689 690 691 692 693 694 695 696 697 698 699 700 701 702 703 704 705 706 707 708 709 710 711 712 713 714 715 716 717 718 719 720 721 722 723 724 725 726 727 728 729 730 731 732 733 734 735 736 737 738 739 740 741 742 743 744 745 746 747 748 749 750 751 752 753 754 755 756 757 758 759 760 761 762 763 764 765 766 767 768 769 770 771 773 774 775 776 777 778 779 780 781 782 783 784 785 786 787 788 789 790 791 792 793 794 795 796 797 798 799 800 801 802 803 804 805 806 807 808 809 810 
Number of columns: 74
Columns:
3 7 11 15 19 23 26 27 28 29 31 33 35 37 39 41 43 45 47 49 51 52 54 55 56 57 58 59 60 61 62 63 64 65 66 67 68 69 70 71 72 73 74 75 76 77 78 79 80 81 82 83 84 85 86 87 88 89 90 91 92 93 94 95 96 97 98 99 100 101 102 103 104 105 
Variance: 1665.38
Quality index: 0.00649004

--------------------------

Bicluster 3

Number of rows: 614
Rows:
1 2 3 4 5 6 7 8 11 12 17 19 20 21 22 25 30 31 36 44 49 52 58 64 67 70 73 76 80 81 89 90 92 93 97 98 102 103 104 107 109 110 113 115 116 117 120 121 122 123 124 125 126 134 142 143 144 145 146 147 148 149 150 151 152 153 154 155 156 157 158 159 160 161 162 163 164 169 170 178 186 194 196 197 198 200 202 203 205 206 209 211 212 213 214 215 216 217 218 219 220 221 222 223 224 225 226 227 228 229 230 231 232 233 234 235 236 237 238 239 240 241 242 243 244 245 246 247 248 249 250 251 252 253 254 255 256 257 258 259 263 264 266 270 271 272 273 274 275 276 277 278 279 280 281 282 284 286 287 288 289 290 291 292 294 295 296 297 298 299 300 301 302 303 304 305 306 307 308 309 310 311 312 313 314 315 316 317 318 319 320 321 322 323 324 325 326 327 328 329 330 331 332 334 335 336 337 338 339 340 341 342 343 344 345 346 347 348 349 350 351 352 353 354 355 356 357 358 359 360 361 363 364 365 366 367 368 369 370 371 372 373 374 375 376 377 378 379 380 381 382 383 384 385 386 387 388 389 390 391 392 393 394 396 398 399 401 405 409 410 411 412 413 414 415 416 417 418 419 420 421 422 423 424 425 426 428 429 430 431 433 434 435 436 437 438 439 440 441 442 443 444 445 446 447 448 449 450 451 452 453 454 455 456 457 458 459 460 461 462 463 464 465 466 467 468 469 470 471 472 473 474 475 476 477 478 479 480 481 482 485 486 487 490 493 494 495 496 497 498 501 505 506 507 511 512 515 518 519 520 521 524 526 528 529 531 535 536 539 540 543 544 547 548 549 550 552 556 557 558 559 560 561 562 564 565 566 567 568 569 570 571 572 573 574 575 576 577 578 579 580 581 582 583 584 585 586 587 588 589 590 591 592 593 594 596 597 598 599 600 601 602 603 604 605 606 607 608 611 613 621 622 623 625 626 627 628 629 630 631 632 634 636 638 639 640 641 642 643 644 645 646 647 648 649 650 651 652 653 654 655 656 657 658 659 660 661 662 663 664 665 666 667 668 669 670 671 672 673 674 675 676 677 678 679 680 681 682 683 684 685 686 687 688 689 690 691 692 693 694 695 696 697 698 699 700 701 702 703 704 705 706 707 708 709 710 711 712 713 714 715 716 717 718 719 720 721 722 723 724 725 726 727 728 729 730 731 732 733 734 735 736 737 738 739 740 741 742 743 744 745 746 747 748 749 750 751 752 753 754 755 756 757 758 759 760 761 762 763 764 765 766 767 768 769 770 771 773 775 776 777 778 779 780 781 782 783 784 785 786 787 788 789 790 791 792 793 794 795 796 797 798 799 800 801 802 803 804 805 806 807 808 809 810 
Number of columns: 63
Columns:
7 15 23 27 29 33 37 41 45 49 52 54 55 56 57 58 59 60 61 62 63 64 65 66 67 68 69 70 71 72 73 74 75 76 77 78 79 80 81 82 83 84 85 86 87 88 89 90 91 92 93 94 95 96 97 98 99 100 101 102 103 104 105 
Variance: 1299.03
Quality index: 0.00813155

--------------------------

Bicluster 4

Number of rows: 549
Rows:
1 3 5 6 7 11 17 19 21 22 25 30 36 49 52 64 67 73 76 81 90 93 97 102 103 104 107 110 115 116 120 122 123 125 126 142 144 145 147 149 150 152 153 154 155 157 158 160 162 164 170 186 194 197 198 200 202 203 205 206 211 212 213 214 215 216 217 218 219 220 221 222 223 224 225 226 227 228 229 230 231 232 233 234 235 236 237 238 239 240 241 242 243 244 245 246 247 248 249 250 251 252 253 254 255 256 257 258 259 264 266 270 271 272 273 274 275 276 277 278 279 280 281 282 286 287 288 289 290 291 292 294 295 296 297 299 300 301 302 303 304 305 306 307 308 309 310 311 312 314 315 316 317 319 320 321 322 323 324 325 326 327 328 329 330 332 334 335 336 337 338 339 340 341 342 343 344 345 346 347 348 349 350 351 352 353 354 355 356 357 358 359 360 361 363 364 365 366 367 368 369 370 371 372 373 374 375 376 377 378 379 380 381 382 383 384 385 386 387 388 389 390 391 392 393 396 398 399 405 409 411 412 413 414 415 416 417 418 419 420 421 422 423 424 425 428 430 431 434 435 436 437 438 439 440 441 442 443 444 445 446 447 448 449 450 451 452 453 454 455 456 457 458 459 460 461 462 463 464 465 466 467 468 469 470 471 472 473 474 475 476 477 478 479 480 481 485 486 487 493 494 495 496 497 498 505 506 507 512 518 520 524 528 529 531 536 540 544 548 550 556 558 559 560 562 564 565 566 567 568 569 570 571 572 573 574 575 576 577 578 579 580 581 582 583 584 585 586 587 588 589 590 591 592 593 594 596 597 598 599 600 601 602 603 604 605 606 607 608 611 613 622 623 626 628 630 632 634 636 638 639 640 641 642 643 644 645 646 647 648 649 650 651 652 653 654 655 656 657 658 659 660 661 662 663 664 665 666 667 668 669 670 671 672 673 674 675 676 677 678 679 680 681 682 683 684 685 686 687 688 689 690 691 692 693 694 695 696 697 698 699 700 701 702 703 704 705 706 707 708 709 710 711 712 713 714 715 716 717 718 719 720 721 722 723 724 725 726 727 728 729 730 731 732 733 734 735 736 737 738 739 740 741 742 743 744 745 746 747 748 749 750 751 752 753 754 755 756 757 758 759 760 761 762 763 764 765 766 767 768 769 770 771 773 775 776 777 778 779 780 781 782 783 784 785 786 787 788 789 790 791 792 793 794 795 796 797 798 799 800 801 802 803 804 806 807 808 809 810 
Number of columns: 58
Columns:
15 27 33 41 49 52 54 55 56 57 58 59 60 61 62 63 64 65 66 67 68 69 70 71 72 73 74 75 76 77 78 79 80 81 82 83 84 85 86 87 88 89 90 91 92 93 94 95 96 97 98 99 100 101 102 103 104 105 
Variance: 1118.55
Quality index: 0.00926959

--------------------------

Bicluster 5

Number of rows: 504
Rows:
1 5 6 11 19 21 22 30 49 52 67 76 90 97 103 104 107 110 116 122 123 125 126 144 147 149 150 153 154 155 157 158 160 162 170 194 198 200 203 205 206 211 212 213 214 215 216 217 218 219 220 221 222 223 224 225 226 227 228 229 230 231 232 233 234 235 236 237 238 239 240 241 242 243 244 245 246 247 248 249 250 251 252 253 254 255 256 257 258 259 264 270 271 272 273 274 275 276 277 278 279 280 281 282 286 287 288 289 290 291 292 294 295 296 297 299 300 301 302 304 305 306 307 309 310 311 312 314 315 316 317 319 320 321 322 324 325 326 327 328 329 330 334 335 336 337 338 339 340 341 342 343 344 345 346 347 348 349 350 351 352 353 354 355 356 357 358 359 360 361 363 364 365 366 367 368 369 370 371 372 373 374 375 376 377 378 379 380 381 382 383 384 385 386 387 388 389 390 391 392 393 398 399 409 411 412 413 414 415 416 417 418 419 420 421 422 423 424 425 428 430 431 434 435 436 437 438 439 440 441 442 443 444 445 446 447 448 449 450 451 452 453 454 455 456 457 458 459 460 461 462 463 464 465 466 467 468 469 470 471 472 473 474 475 476 477 478 479 480 481 486 493 494 495 496 497 498 506 512 520 528 531 540 548 550 558 560 562 564 565 566 567 568 569 570 571 572 573 574 575 576 577 578 579 580 581 582 583 584 585 586 587 588 589 590 591 592 594 596 597 598 599 600 601 602 603 604 605 606 607 608 613 623 628 632 634 636 638 639 640 641 642 643 644 645 646 647 648 649 650 651 652 653 654 655 656 657 658 659 660 661 662 663 664 665 666 667 668 670 671 672 673 674 675 676 677 678 679 680 681 682 683 684 685 686 687 688 689 690 691 692 693 694 695 696 697 698 699 700 701 702 703 704 705 706 707 708 709 710 711 712 713 714 715 716 717 718 719 720 721 722 723 724 725 726 727 728 729 730 731 732 733 734 735 736 737 738 739 740 741 742 743 744 745 746 747 748 749 750 751 752 753 754 755 756 757 758 759 760 761 762 763 764 765 766 767 768 769 770 771 773 775 776 777 778 779 780 781 783 784 785 786 787 788 789 790 791 792 793 794 795 796 798 799 800 801 802 803 804 806 807 808 809 810 
Number of columns: 55
Columns:
27 41 52 54 55 56 57 58 59 60 61 62 63 64 65 66 67 68 69 70 71 72 73 74 75 76 77 78 79 80 81 82 83 84 85 86 87 88 89 90 91 92 93 94 95 96 97 98 99 100 101 102 103 104 105 
Variance: 993.609
Quality index: 0.0102957

--------------------------

Bicluster 6

Number of rows: 443
Rows:
5 11 21 30 52 76 97 103 104 107 116 123 126 147 150 154 157 158 162 194 198 200 203 205 206 211 212 213 214 215 216 217 218 219 220 221 222 223 225 226 227 228 229 230 231 232 233 234 235 236 237 238 239 240 241 242 243 244 245 246 247 248 249 250 251 252 253 254 255 256 257 258 259 264 271 272 273 274 275 276 277 278 279 280 281 282 286 287 288 289 290 292 294 296 299 300 301 302 304 305 307 310 311 312 314 315 317 319 321 324 325 327 329 334 335 337 338 339 340 341 342 343 344 345 346 347 348 349 350 351 352 353 354 355 356 358 359 360 361 363 364 365 367 368 369 370 371 372 373 374 375 376 377 378 379 380 381 382 383 384 385 386 387 388 389 390 392 393 398 399 411 413 414 415 416 417 418 419 421 422 423 424 425 430 431 435 436 437 439 440 441 442 443 444 445 446 447 448 449 450 451 452 453 454 455 456 457 458 459 460 461 462 463 464 465 466 467 468 469 470 471 472 473 474 475 476 477 478 479 480 486 494 495 497 498 506 520 531 548 550 560 564 565 566 567 568 569 570 571 572 573 574 575 576 577 578 579 580 581 582 584 585 586 588 589 590 591 592 594 597 598 599 600 601 602 603 604 605 606 607 608 613 628 634 636 638 639 640 641 642 643 644 645 646 647 648 649 650 651 652 653 654 655 656 657 658 659 660 661 663 664 665 666 667 668 671 672 673 674 675 676 677 678 679 680 681 682 683 684 685 686 687 688 689 690 691 692 693 694 695 696 698 699 700 701 702 703 704 705 706 707 708 709 710 711 712 713 714 715 716 717 718 719 720 721 722 723 724 725 726 727 728 729 730 731 732 733 734 735 737 739 740 741 742 744 745 746 747 748 749 750 751 752 753 754 755 756 757 758 759 760 761 762 763 764 765 766 767 768 769 770 771 775 776 777 778 779 780 781 783 784 785 786 787 788 789 790 791 792 793 795 796 798 799 800 801 802 803 804 806 808 809 810 
Number of columns: 54
Columns:
41 52 54 55 56 57 58 59 60 61 62 63 64 65 66 67 68 69 70 71 72 73 74 75 76 77 78 79 80 81 82 83 84 85 86 87 88 89 90 91 92 93 94 95 96 97 98 99 100 101 102 103 104 105 
Variance: 1033.08
Quality index: 0.00975974

--------------------------

Bicluster 7

Number of rows: 361
Rows:
11 30 52 76 97 104 107 123 126 147 154 158 194 198 203 205 211 212 213 214 215 217 218 219 220 221 222 223 225 226 227 229 230 231 233 235 236 237 238 239 240 241 242 243 244 245 246 247 248 249 250 251 252 253 254 255 256 257 258 264 271 272 273 274 275 276 278 280 281 282 286 288 289 290 292 296 300 302 305 310 311 314 317 321 324 325 329 335 338 339 340 341 343 344 345 347 348 349 350 352 353 354 355 356 358 360 363 364 365 368 369 370 371 372 373 375 376 377 378 379 380 381 382 383 384 385 386 388 389 390 392 398 399 411 413 415 416 418 419 421 422 424 425 430 431 435 436 439 440 441 442 443 444 445 446 447 448 449 450 451 452 454 455 456 457 458 460 461 463 464 465 466 467 468 469 470 471 472 474 475 476 477 478 479 486 494 497 498 520 548 550 564 565 567 568 569 570 572 573 574 575 577 578 579 580 581 584 585 586 589 590 591 592 594 597 598 599 600 601 603 605 606 607 613 634 636 638 639 640 641 642 643 644 645 647 648 649 650 651 653 655 656 657 658 659 660 661 663 665 666 667 668 671 673 674 675 677 678 679 680 682 683 684 685 686 687 688 689 690 691 692 693 694 695 698 699 700 701 702 703 705 706 708 709 711 712 713 714 715 716 717 718 719 720 722 723 724 725 726 727 728 730 732 733 734 737 740 741 742 744 745 746 747 748 749 750 751 752 753 754 755 756 757 758 760 761 762 763 764 766 767 768 769 770 771 776 777 778 780 781 784 785 786 787 789 790 791 792 793 795 796 798 800 801 802 803 804 806 808 809 810 
Number of columns: 51
Columns:
52 54 55 56 57 58 59 60 61 62 63 64 65 66 67 68 69 70 71 72 73 74 75 76 77 78 80 81 82 83 84 85 86 87 88 89 90 91 92 93 94 95 96 97 98 99 100 101 102 103 104 
Variance: 999.146
Quality index: 0.0098291

--------------------------

Bicluster 8

Number of rows: 271
Rows:
11 52 76 97 107 126 154 194 203 211 212 213 214 215 217 219 220 222 225 226 227 229 230 233 236 237 238 239 240 241 243 244 245 246 247 249 250 251 252 253 254 256 257 258 271 272 273 274 275 276 278 281 282 286 289 290 292 296 302 310 311 314 321 324 329 335 339 341 344 347 349 350 353 354 355 356 360 364 365 368 369 370 372 373 376 377 378 379 380 381 382 384 385 386 388 390 392 398 399 411 413 415 416 418 419 422 424 425 430 431 436 440 442 443 444 445 446 447 449 450 451 452 454 455 457 458 461 463 464 465 466 467 468 469 470 471 474 475 476 477 478 486 497 520 550 565 567 568 569 570 572 574 575 578 580 584 586 589 590 591 592 594 597 599 600 603 605 606 607 634 636 639 640 641 642 643 644 645 647 648 649 650 651 653 655 657 659 660 661 665 667 668 671 674 675 677 679 680 683 684 685 686 687 688 690 691 692 693 694 695 698 699 701 703 705 706 709 712 713 714 715 717 718 719 722 723 725 726 727 730 733 734 737 741 742 745 746 748 749 750 751 753 754 755 757 758 760 762 764 767 768 769 770 771 777 778 781 784 785 787 790 791 792 795 796 798 800 802 803 804 808 
Number of columns: 40
Columns:
54 55 56 57 58 59 60 61 62 63 64 65 66 67 69 70 71 72 73 74 76 78 80 81 82 83 84 85 86 87 88 89 91 92 93 95 97 99 101 103 
Variance: 0.0547111
Quality index: 169.819

--------------------------

Done Cheng & Church
Found 8 biclusters.
